   0.0000000000000000   0.0000000000000000   0.0000000000000000   0.0000000000000000
   0.0101010101010101   0.0000000000000000   0.0002040503999179   0.0000000000000000
   0.0202020202020202   0.0008000000000000   0.0008160766772288   0.0007996799359744
   0.0303030303030303   0.0016000000000000   0.0018357040646046   0.0011304653908900
   0.0404040404040404   0.0016000000000000   0.0032623079498321   0.0011304653908900
   0.0505050505050505   0.0044000000000000   0.0050950138758124   0.0018720341877220
   0.0606060606060606   0.0072000000000000   0.0073326975405613   0.0023913443917596
   0.0707070707070707   0.0110000000000000   0.0099739847972094   0.0029501186416821
   0.0808080808080808   0.0126000000000000   0.0130172516540018   0.0031548362873531
   0.0909090909090909   0.0166000000000000   0.0164606242742982   0.0036138002158393
   0.1010101010101010   0.0198000000000000   0.0203019789765731   0.0039403512533783
   0.1111111111111111   0.0240000000000000   0.0245389422344155   0.0043288797627100
   0.1212121212121212   0.0278000000000000   0.0291688906765290   0.0046499169885064
   0.1313131313131313   0.0338000000000000   0.0341889510867321   0.0051113645927482
   0.1414141414141414   0.0384000000000000   0.0395960004039576   0.0054351036788639
   0.1515151515151515   0.0418000000000000   0.0453866657222530   0.0056605837154838
   0.1616161616161616   0.0538000000000000   0.0515573242907807   0.0063815709664627
   0.1717171717171717   0.0598000000000000   0.0581041035138174   0.0067066510271521
   0.1818181818181818   0.0672000000000000   0.0650228809507547   0.0070814778118695
   0.1919191919191919   0.0746000000000000   0.0723092843160987   0.0074315457342332
   0.2020202020202020   0.0780000000000000   0.0799586914794702   0.0075850379036627
   0.2121212121212121   0.0906000000000000   0.0879662304656044   0.0081187013739883
   0.2222222222222222   0.0970000000000000   0.0963267794543515   0.0083709497669022
   0.2323232323232323   0.1036000000000000   0.1050349667806761   0.0086193753834022
   0.2424242424242424   0.1176000000000000   0.1140851709346575   0.0091113221872569
   0.2525252525252525   0.1212000000000000   0.1234715205614898   0.0092308422150961
   0.2626262626262627   0.1334000000000000   0.1331878944614813   0.0096168369020172
   0.2727272727272728   0.1424000000000000   0.1432279215900553   0.0098842193419612
   0.2828282828282829   0.1486000000000000   0.1535849810577498   0.0100605383553764
   0.2929292929292929   0.1682000000000000   0.1642522021302170   0.0105795561343565
   0.3030303030303030   0.1822000000000000   0.1752224642282243   0.0109179910239934
   0.3131313131313131   0.1718000000000000   0.1864883969276533   0.0106690115755866
   0.3232323232323233   0.1970000000000000   0.1980423799595004   0.0112495688806283
   0.3333333333333334   0.2162000000000000   0.2098765432098766   0.0116432833857121
   0.3434343434343435   0.2178000000000000   0.2219827667200076   0.0116743534296337
   0.3535353535353536   0.2392000000000000   0.2343526806862336   0.0120659308799611
   0.3636363636363636   0.2452000000000000   0.2469776654600096   0.0121680552266991
   0.3737373737373738   0.2608000000000000   0.2598488515479052   0.0124188038071305
   0.3838383838383839   0.2774000000000000   0.2729571196116045   0.0126633088882803
   0.3939393939393940   0.2940000000000000   0.2862931004679064   0.0128860855188843
   0.4040404040404041   0.2954000000000000   0.2998471750887244   0.0129039169247171
   0.4141414141414142   0.3080000000000000   0.3136094746010866   0.0130579018222684
   0.4242424242424243   0.3238000000000000   0.3275698802871355   0.0132349101999220
   0.4343434343434344   0.3516000000000000   0.3417180235841288   0.0135048862268440
   0.4444444444444445   0.3538000000000000   0.3560432860844384   0.0135240692101157
   0.4545454545454546   0.3634000000000000   0.3705347995355509   0.0136041299611552
   0.4646464646464647   0.3820000000000000   0.3851814458400676   0.0137426634972992
   0.4747474747474748   0.4030000000000000   0.3999718570557045   0.0138734566709238
   0.4848484848484849   0.4250000000000000   0.4148944153952920   0.0139821314541096
   0.4949494949494950   0.4364000000000000   0.4299372532267753   0.0140272603169685
   0.5050505050505051   0.4472000000000000   0.4450882530732145   0.0140630625398595
   0.5151515151515152   0.4550000000000000   0.4603350476127838   0.0140847435191416
   0.5252525252525253   0.4772000000000000   0.4756650196787723   0.0141274246768475
   0.5353535353535354   0.4840000000000000   0.4910653022595836   0.0141348929957039
   0.5454545454545455   0.5096000000000001   0.5065227784987365   0.0141395287050170
   0.5555555555555556   0.5184000000000000   0.5220240816948637   0.0141325564566359
   0.5656565656565657   0.5264000000000000   0.5375555953017129   0.0141224088596811
   0.5757575757575758   0.5550000000000000   0.5531034529281462   0.0140563153066513
   0.5858585858585859   0.5639999999999999   0.5686535383381407   0.0140258047897438
   0.5959595959595960   0.5714000000000000   0.5841914854507881   0.0139972008630297
   0.6060606060606061   0.5940000000000000   0.5997026783402942   0.0138899676025540
   0.6161616161616162   0.6120000000000000   0.6151722512359802   0.0137827718547468
   0.6262626262626263   0.6334000000000000   0.6305850885222811   0.0136295103360319
   0.6363636363636365   0.6460000000000000   0.6459258247387475   0.0135257975735259
   0.6464646464646465   0.6612000000000000   0.6611788445800437   0.0133869954806895
   0.6565656565656566   0.6758000000000000   0.6763282828959492   0.0132391649283480
   0.6666666666666667   0.6896000000000000   0.6913580246913581   0.0130859264861148
   0.6767676767676768   0.7144000000000000   0.7062517051262789   0.0127759974953034
   0.6868686868686870   0.7082000000000001   0.7209927095158349   0.0128577683911323
   0.6969696969696970   0.7270000000000000   0.7355641733302640   0.0126006666490309
   0.7070707070707072   0.7400000000000000   0.7499489821949189   0.0124064499354167
   0.7171717171717172   0.7612000000000000   0.7641297718902663   0.0120590069242869
   0.7272727272727273   0.7840000000000000   0.7780889283518886   0.0116393814268629
   0.7373737373737375   0.7902000000000000   0.7918085876704819   0.0115163869334093
   0.7474747474747475   0.8042000000000000   0.8052706360918572   0.0112236307850891
   0.7575757575757577   0.8296000000000000   0.8184567100169405   0.0106344286165266
   0.7676767676767677   0.8234000000000000   0.8313481960017720   0.0107856363743638
   0.7777777777777778   0.8482000000000000   0.8439262307575065   0.0101491579946319
   0.7878787878787880   0.8436000000000000   0.8561717011504139   0.0102738129241290
   0.7979797979797980   0.8698000000000000   0.8680652442018784   0.0095183174983817
   0.8080808080808082   0.8776000000000000   0.8795872470883989   0.0092700912616867
   0.8181818181818182   0.8974000000000000   0.8907178471415886   0.0085824583890631
   0.8282828282828284   0.8974000000000000   0.9014369318481763   0.0085824583890631
   0.8383838383838385   0.9152000000000000   0.9117241388500041   0.0078795411033892
   0.8484848484848485   0.9240000000000000   0.9215588559440301   0.0074952785138379
   0.8585858585858587   0.9322000000000000   0.9309202210823259   0.0071107332955188
   0.8686868686868687   0.9376000000000000   0.9397871223720782   0.0068414173970019
   0.8787878787878789   0.9432000000000000   0.9481381980755886   0.0065466791581687
   0.8888888888888890   0.9534000000000000   0.9559518366102729   0.0059617742325586
   0.8989898989898991   0.9608000000000000   0.9632061765486617   0.0054891427381696
   0.9090909090909092   0.9708000000000000   0.9698791066184004   0.0047621306155963
   0.9191919191919192   0.9752000000000000   0.9759482657022489   0.0043986325147709
   0.9292929292929294   0.9818000000000000   0.9813910428380814   0.0037808739730385
   0.9393939393939394   0.9842000000000000   0.9861845772188873   0.0035270792449277
   0.9494949494949496   0.9906000000000000   0.9903057581927704   0.0027293427780328
   0.9595959595959597   0.9933999999999999   0.9937312252629490   0.0022902296828048
   0.9696969696969697   0.9964000000000000   0.9964373680877563   0.0016939988193621
   0.9797979797979799   0.9982000000000000   0.9984003264806398   0.0011989195135621
   0.9898989898989899   0.9996000000000000   0.9995959904101621   0.0005655722765482
   1.0000000000000000   1.0000000000000000   1.0000000000000000   0.0000000000000000
